[./data/][model-final]
K=512
perplexity=14042.691820

[./data/][model-final]
K=512
perplexity=15472.378366

